,Plurality,IRV,Borda,minimax,Schulze,GTD,GT
Plurality,0.0,-23100.0,-30726.0,-32190.0,-32508.0,-30426.0,-29444.0
IRV,23100.0,0.0,-14288.0,-16996.0,-17560.0,-14888.0,-13928.0
Borda,30726.0,14288.0,0.0,-4354.0,-4390.0,-5044.0,-2586.0
minimax,32190.0,16996.0,4354.0,0.0,230.0,-1506.0,-248.0
Schulze,32508.0,17560.0,4390.0,-230.0,0.0,-1900.0,-208.0
GTD,30426.0,14888.0,5044.0,1506.0,1900.0,0.0,-66.0
GT,29444.0,13928.0,2586.0,248.0,208.0,66.0,0.0
